4294967278,52
4294967278,51
4294967278,50
4294967278,49
4294967294,1421
4294967279,442
4294967278,329
4294967294,89
4294967279,441
4294967278,380
4294967278,0
4294967278,327
4294967278,252
4294967294,1422
4294967278,249
4294967278,250
4294967278,248
4294967278,247
26,5
4294967278,245
26,4
26,3
26,2
26,1
4294967278,243
4294967278,55
4294967278,54
4294967278,53
4294967278,242
4294967278,240
4294967278,324
4294967278,323
4294967278,56
4294967278,236
4294967278,234
4294967278,59
4294967278,58
4294967278,57
4294967278,232
4294967278,229
4294967278,227
4294967278,225
4294967278,224
4294967278,60
4294967278,222
4294967278,220
4294967278,218
4294967278,216
4294967278,214
4294967279,83
4294967279,82
4294967279,81
4294967279,80
4294967279,79
4294967279,78
4294967278,213
4294967278,212
4294967278,378
4294967278,210
4294967278,320
4294967278,321
4294967279,76
4294967294,120
4294967278,208
4294967278,377
4294967279,75
4294967279,74
4294967279,73
4294967279,72
4294967279,71
4294967279,68
4294967279,67
4294967279,66
4294967279,64
4294967279,63
4294967279,60
4294967279,58
4294967279,56
4294967279,55
4294967279,54
4294967279,52
4294967279,50
4294967279,47
4294967279,45
4294967279,43
4294967294,1158
4294967294,1156
4294967294,1155
4294967294,1153
4294967294,1152
4294967294,1085
4294967294,1082
4294967294,1080
4294967294,1079
4294967294,1076
4294967294,1075
4294967294,1074
4294967294,1073
4294967294,1069
4294967294,1068
4294967294,1066
4294967294,401
4294967294,186
4294967278,376
4294967278,375
4294967278,374
4294967278,373
4294967278,201
4294967294,1246
4294967294,1216
4294967278,200
4294967278,316
4294967278,199
4294967278,195
4294967278,197
25,5
4294967279,198
25,4
4294967278,196
25,2
25,1
4294967278,370
4294967294,1160
4294967294,1159
4294967294,1157
4294967294,1154
4294967294,1084
4294967294,1081
4294967294,1077
4294967294,1071
4294967294,1057
4294967294,420
4294967294,190
4294967294,182
4294967294,176
4294967294,163
4294967294,162
4294967294,161
4294967294,97
4294967294,189
4294967279,41
4294967278,194
4294967279,429
4294967278,313
4294967279,40
4294967278,312
4294967279,38
4294967279,316
4294967278,368
4294967279,37
4294967279,36
4294967279,315
4294967278,367
4294967279,35
4294967278,365
4294967279,33
4294967278,364
4294967278,362
4294967279,31
4294967279,422
4294967278,309
4294967278,358
4294967279,28
4294967279,27
4294967279,416
4294967279,414
4294967279,26
4294967279,24
4294967279,22
4294967279,21
4294967294,1419
4294967294,1067
4294967294,90
4294967294,87
4294967294,86
4294967294,1245
4294967294,437
4294967294,44
4294967294,42
4294967294,40
4294967294,38
4294967294,37
4294967279,309
4294967279,310
4294967279,17
4294967279,13
4294967279,12
4294967279,10
4294967279,308
4294967294,36
4294967294,39
4294967294,166
4294967294,24
4294967294,175
4294967294,173
4294967294,184
4294967294,398
4294967294,185
4294967294,169
4294967294,183
4294967294,170
4294967294,1248
4294967279,305
4294967279,163
4294967294,61
4294967294,81
4294967294,43
4294967279,160
4294967279,300
4294967279,411
4294967294,22
4294967294,99
4294967294,52
4294967279,151
4294967294,5
4294967294,107
4294967294,53
4294967294,470
4294967294,84
4294967294,7
4294967294,6
24,4
24,3
24,2
24,1
4294967294,9
4294967279,149
4294967294,8
4294967294,392
4294967294,46
4294967294,389
4294967294,114
4294967294,115
4294967294,428
4294967294,1087
4294967294,91
4294967294,472
4294967294,424
4294967294,1163
4294967294,12
4294967294,13
4294967278,132
4294967278,131
4294967278,130
4294967278,129
4294967278,128
4294967278,127
4294967278,126
4294967278,125
4294967278,124
4294967278,123
4294967278,122
4294967278,121
4294967278,120
4294967278,119
4294967278,118
4294967278,117
4294967278,116
4294967278,115
4294967278,114
4294967278,113
4294967278,112
4294967278,111
4294967278,110
4294967278,109
4294967278,108
4294967278,107
4294967278,106
4294967278,105
4294967278,104
4294967278,103
4294967278,102
4294967278,101
4294967278,100
4294967278,99
4294967278,98
4294967278,97
4294967278,96
4294967278,95
4294967278,94
4294967278,93
4294967278,92
4294967278,91
4294967278,90
4294967278,89
4294967278,87
4294967278,86
4294967278,85
4294967278,84
4294967278,83
4294967278,82
4294967278,81
4294967278,80
4294967278,79
4294967278,78
4294967278,77
4294967278,76
4294967278,75
4294967278,74
4294967278,73
4294967278,72
4294967278,71
4294967278,70
4294967278,69
4294967278,68
4294967278,67
4294967278,66
4294967278,65
4294967278,64
4294967278,63
4294967278,62
4294967278,61
4294967278,347
4294967279,77
